===== b = =====
[array([[0.08797145],
       [0.74885494],
       [0.61880936],
       [0.41413662],
       [0.95537616],
       [0.19016802],
       [0.38896082],
       [0.17075735],
       [0.26027145],
       [0.92762718]]), array([[0.17830382],
       [0.00735953],
       [0.58638546],
       [0.98765909],
       [0.88936936],
       [0.13159755],
       [0.05965251],
       [0.170645  ],
       [0.6199324 ],
       [0.95556002]]), array([[0.10517209],
       [0.95154293],
       [0.63178376],
       [0.71025623],
       [0.9411337 ],
       [0.42817259],
       [0.61134881],
       [0.5192203 ],
       [0.85126816],
       [0.46318631]])]
===== cm_all = =====
[[0.08797145 0.17830382 0.10517209]
 [0.74885494 0.00735953 0.95154293]
 [0.61880936 0.58638546 0.63178376]
 [0.41413662 0.98765909 0.71025623]
 [0.95537616 0.88936936 0.9411337 ]
 [0.19016802 0.13159755 0.42817259]
 [0.38896082 0.05965251 0.61134881]
 [0.17075735 0.170645   0.5192203 ]
 [0.26027145 0.6199324  0.85126816]
 [0.92762718 0.95556002 0.46318631]]
===== c = =====
[[[1.         0.08797145 0.74885494 0.61880936 0.41413662]
  [0.08797145 1.         0.95537616 0.19016802 0.38896082]
  [0.74885494 0.95537616 1.         0.17075735 0.26027145]
  [0.61880936 0.19016802 0.17075735 1.         0.92762718]
  [0.41413662 0.38896082 0.26027145 0.92762718 1.        ]]

 [[1.         0.17830382 0.00735953 0.58638546 0.98765909]
  [0.17830382 1.         0.88936936 0.13159755 0.05965251]
  [0.00735953 0.88936936 1.         0.170645   0.6199324 ]
  [0.58638546 0.13159755 0.170645   1.         0.95556002]
  [0.98765909 0.05965251 0.6199324  0.95556002 1.        ]]

 [[1.         0.10517209 0.95154293 0.63178376 0.71025623]
  [0.10517209 1.         0.9411337  0.42817259 0.61134881]
  [0.95154293 0.9411337  1.         0.5192203  0.85126816]
  [0.63178376 0.42817259 0.5192203  1.         0.46318631]
  [0.71025623 0.61134881 0.85126816 0.46318631 1.        ]]]
(3, 5, 5)
===== cm_data_full = =====
[[[1.         0.08797145 0.74885494 0.61880936 0.41413662 0.        ]
  [0.08797145 1.         0.95537616 0.19016802 0.38896082 0.        ]
  [0.74885494 0.95537616 1.         0.17075735 0.26027145 0.        ]
  [0.61880936 0.19016802 0.17075735 1.         0.92762718 0.        ]
  [0.41413662 0.38896082 0.26027145 0.92762718 1.         0.        ]
  [0.         0.         0.         0.         0.         0.        ]]

 [[1.         0.17830382 0.00735953 0.58638546 0.98765909 0.        ]
  [0.17830382 1.         0.88936936 0.13159755 0.05965251 0.        ]
  [0.00735953 0.88936936 1.         0.170645   0.6199324  0.        ]
  [0.58638546 0.13159755 0.170645   1.         0.95556002 0.        ]
  [0.98765909 0.05965251 0.6199324  0.95556002 1.         0.        ]
  [0.         0.         0.         0.         0.         0.        ]]

 [[1.         0.10517209 0.95154293 0.63178376 0.71025623 0.        ]
  [0.10517209 1.         0.9411337  0.42817259 0.61134881 0.        ]
  [0.95154293 0.9411337  1.         0.5192203  0.85126816 0.        ]
  [0.63178376 0.42817259 0.5192203  1.         0.46318631 0.        ]
  [0.71025623 0.61134881 0.85126816 0.46318631 1.         0.        ]
  [0.         0.         0.         0.         0.         0.        ]]]
(3, 6, 6)
===== cc = =====
[[[[1.        ]
   [0.08797145]
   [0.74885494]
   [0.61880936]
   [0.41413662]
   [0.        ]]

  [[0.08797145]
   [1.        ]
   [0.95537616]
   [0.19016802]
   [0.38896082]
   [0.        ]]

  [[0.74885494]
   [0.95537616]
   [1.        ]
   [0.17075735]
   [0.26027145]
   [0.        ]]

  [[0.61880936]
   [0.19016802]
   [0.17075735]
   [1.        ]
   [0.92762718]
   [0.        ]]

  [[0.41413662]
   [0.38896082]
   [0.26027145]
   [0.92762718]
   [1.        ]
   [0.        ]]

  [[0.        ]
   [0.        ]
   [0.        ]
   [0.        ]
   [0.        ]
   [0.        ]]]


 [[[1.        ]
   [0.17830382]
   [0.00735953]
   [0.58638546]
   [0.98765909]
   [0.        ]]

  [[0.17830382]
   [1.        ]
   [0.88936936]
   [0.13159755]
   [0.05965251]
   [0.        ]]

  [[0.00735953]
   [0.88936936]
   [1.        ]
   [0.170645  ]
   [0.6199324 ]
   [0.        ]]

  [[0.58638546]
   [0.13159755]
   [0.170645  ]
   [1.        ]
   [0.95556002]
   [0.        ]]

  [[0.98765909]
   [0.05965251]
   [0.6199324 ]
   [0.95556002]
   [1.        ]
   [0.        ]]

  [[0.        ]
   [0.        ]
   [0.        ]
   [0.        ]
   [0.        ]
   [0.        ]]]


 [[[1.        ]
   [0.10517209]
   [0.95154293]
   [0.63178376]
   [0.71025623]
   [0.        ]]

  [[0.10517209]
   [1.        ]
   [0.9411337 ]
   [0.42817259]
   [0.61134881]
   [0.        ]]

  [[0.95154293]
   [0.9411337 ]
   [1.        ]
   [0.5192203 ]
   [0.85126816]
   [0.        ]]

  [[0.63178376]
   [0.42817259]
   [0.5192203 ]
   [1.        ]
   [0.46318631]
   [0.        ]]

  [[0.71025623]
   [0.61134881]
   [0.85126816]
   [0.46318631]
   [1.        ]
   [0.        ]]

  [[0.        ]
   [0.        ]
   [0.        ]
   [0.        ]
   [0.        ]
   [0.        ]]]]
(3, 6, 6, 1)
